
-50.8
-20.0
-40.0
-10.8
-46.6
-17.2
-21.0
-32.8
32.8
-20.0
16.2
-53.8
-40.0
-64.4
-20.0
-11.2
-36.8
-43.6
-57.2
-20.0
-20.0
2.4
20.0
-0.6
39.8
-3.4
6.0
41.4
51.6
1.8
59.6
38.0
37.2
48.2
80.0
20.0
-30.2
70.0
57.6
80.0
40.0
47.6
29.0
13.8
5.2
61.8
60.0
-22.0
34.6
40.0
60.0
78.8
60.0
40.0
79.8
18.6
40.0
58.2
40.0
60.0
65.8
100.0
72.0
60.0
41.2
-33.0
40.0
60.0
60.0
100.0
20.0
40.0
60.0
20.0
40.0
20.0
60.0
20.0
60.0
60.0
80.0
60.0
40.0
-17.0
18.4
37.0
0.0
80.0
62.0
40.0
60.0
80.0
100.0
100.0
100.0
100.0
100.0
100.0
81.2
100.0
100.0
100.0
100.0
100.0
100.0
100.0
100.0
100.0
100.0
100.0
100.0