

100.0

100.0

-100.0
-100.0
-100.0
100.0

100.0

-100.0
100.0

-100.0
100.0

-100.0
-100.0
-100.0
-100.0
-100.0
-100.0
-100.0
100.0

-100.0
-24.0
100.0

-100.0
100.0

100.0

-100.0
-100.0
-100.0
100.0

-100.0
100.0

100.0

100.0

-100.0
-100.0
-100.0
-100.0
-100.0
-100.0
-100.0
100.0

-100.0
100.0

-100.0
100.0

100.0

-100.0
-100.0
-100.0
-100.0
-100.0
-100.0
-100.0
100.0

100.0

-100.0
100.0

100.0

100.0

-100.0
-100.0
-100.0
-100.0
-100.0
-100.0
100.0

100.0

100.0

100.0

100.0

-100.0
100.0

-100.0
-100.0
100.0

100.0

100.0

10.0
100.0

100.0

100.0

100.0

100.0

100.0

-98.0
100.0

34.0
100.0

100.0

100.0

100.0

100.0

100.0

100.0

100.0

100.0

100.0

-100.0
100.0

100.0

100.0

-100.0
100.0

-100.0
-100.0
100.0

100.0

-100.0
100.0

42.0
-100.0
100.0

100.0

-100.0
-42.0
100.0

100.0

100.0

-100.0
100.0

-100.0
100.0

100.0

-24.0
-66.0
-100.0
-100.0
56.0
-66.0
100.0

-22.0
80.0
20.0
-96.0
32.0
100.0

-24.0
52.0
96.0
-28.0
-58.0
-32.0
-34.0
-100.0
-44.0
-40.0
-62.0
-90.0
-80.0
-34.0
-46.0
100.0

-22.0
46.0
26.0
-44.0
18.0
18.0
6.0
-96.0
-22.0
-40.0
-22.0
88.0
14.0
-100.0
-36.0
70.0
-90.0
-28.0
-46.0
-76.0

-62.0
44.0
74.0
-6.0
100.0

96.0
100.0

100.0

-100.0
-100.0
100.0

-100.0
100.0

100.0

-100.0
100.0

-100.0
100.0

100.0

-100.0
100.0

100.0

100.0

100.0

-100.0
-54.0
100.0

100.0

-100.0
100.0



-98.0
100.0

100.0

-100.0
100.0

-100.0
100.0

100.0

100.0

100.0

100.0

100.0

100.0

100.0

100.0

40.0
100.0


100.0

-100.0
100.0

100.0

100.0

-100.0
-100.0
100.0

-100.0
48.0
-64.0
100.0

100.0

100.0

100.0

100.0

100.0

100.0

100.0

100.0

100.0

100.0

100.0

100.0

100.0

100.0

100.0

100.0


100.0

100.0

100.0

100.0

100.0